200
200
00000000000000000000000000000000000000000000000000000000000000000000000000000000000000000000000000000000000000000000000000000000000000000000000000000000000000000000000000000000000000000000000000000000
00000000000000000000000000000000000000000000000000000000000000000000000000000000000000000111111111111111111111100000000000000000000000000000000000000000000000000000000000000000000000000000000000000000
00000000000000000000000000000000000000000000000000000000000000000000000000000000001111111111111111111111111111111111110000000000000000000000000000000000000000000000000000000000000000000000000000000000
00000000000000000000000000000000000000000000000000000000000000000000000000000111111111111111111111111111111111111111111111100000000000000000000000000000000000000000000000000000000000000000000000000000
00000000000000000000000000000000000000000000000000000000000000000000000001111111111111111111111111111111111111111111111111111110000000000000000000000000000000000000000000000000000000000000000000000000
00000000000000000000000000000000000000000000000000000000000000000000011111111111111111111111111111111111111111111111111111111111111000000000000000000000000000000000000000000000000000000000000000000000
00000000000000000000000000000000000000000000000000000000000000000001111111111111111111111111111111111111111111111111111111111111111111000000000000000000000000000000000000000000000000000000000000000000
00000000000000000000000000000000000000000000000000000000000000001111111111111111111111111111111111111111111111111111111111111111111111111000000000000000000000000000000000000000000000000000000000000000
00000000000000000000000000000000000000000000000000000000000001111111111111111111111111111111111111111111111111111111111111111111111111111110000000000000000000000000000000000000000000000000000000000000
00000000000000000000000000000000000000000000000000000000000111111111111111111111111111111111111111111111111111111111111111111111111111111111100000000000000000000000000000000000000000000000000000000000
00000000000000000000000000000000000000000000000000000000011111111111111111111111111111111111111111111111111111111111111111111111111111111111111000000000000000000000000000000000000000000000000000000000
00000000000000000000000000000000000000000000000000000001111111111111111111111111111111111111111111111111111111111111111111111111111111111111111110000000000000000000000000000000000000000000000000000000
00000000000000000000000000000000000000000000000000000111111111111111111111111111111111111111111111000011111111111111111111111111111111111111111111100000000000000000000000000000000000000000000000000000
00000000000000000000000000000000000000000000000000011111111111111111111111111111111111100000000000000000000000000011111111111111111111111111111111111000000000000000000000000000000000000000000000000000
00000000000000000000000000000000000000000000000000111111111111111111111111111111100000000000000000000000000000000000000011111111111111111111111111111110000000000000000000000000000000000000000000000000
00000000000000000000000000000000000000000000000011111111111111111111111111111000000000000000000000000000000000000000000000001111111111111111111111111111100000000000000000000000000000000000000000000000
00000000000000000000000000000000000000000000001111111111111111111111111111000000000000000000000000000000000000000000000000000001111111111111111111111111110000000000000000000000000000000000000000000000
00000000000000000000000000000000000000000000011111111111111111111111111000000000000000000000000000000000000000000000000000000000001111111111111111111111111100000000000000000000000000000000000000000000
00000000000000000000000000000000000000000001111111111111111111111111000000000000000000000000000000000000000000000000000000000000000011111111111111111111111110000000000000000000000000000000000000000000
00000000000000000000000000000000000000000011111111111111111111111100000000000000000000000000000000000000000000000000000000000000000000011111111111111111111111100000000000000000000000000000000000000000
00000000000000000000000000000000000000000111111111111111111111110000000000000000000000000000000000000000000000000000000000000000000000000111111111111111111111110000000000000000000000000000000000000000
00000000000000000000000000000000000000011111111111111111111110000000000000000000000000000000000000000000000010000000000000000000000000000001111111111111111111111100000000000000000000000000000000000000
00000000000000000000000000000000000000111111111111111111111000000000000000000000000000000000000000000000000010000000000000000000000000000000011111111111111111111110000000000000000000000000000000000000
00000000000000000000000000000000000001111111111111111111100000000000000000000000000000000000000000000000000010000000000000000000000000000000000111111111111111111111000000000000000000000000000000000000
00000000000000000000000000000000000111111111111111111111000000000000000000000000000000000000000000000000000110000000000000000000000000000000000001111111111111111111100000000000000000000000000000000000
00000000000000000000000000000000001111111111111111111100000000000000000000000000000000000000000000000000000110000000000000000000000000000000000000111111111111111111110000000000000000000000000000000000
00000000000000000000000000000000011111111111111111110000000000000000000000000000000000000000000000000000000110000000000000000000000000000000000000001111111111111111111100000000000000000000000000000000
00000000000000000000000000000000111111111111111111100000000000000000000000000000000000000000000000000000001110000000000000000000000000000000000000000111111111111111111110000000000000000000000000000000
00000000000000000000000000000001111111111111111111000000000000000000000000000000000000000000000000000000001100000000000000000000000000000000000000000001111111111111111111000000000000000000000000000000
00000000000000000000000000000011111111111111111100000000000000000000000000000000000000000000000000000000011100000000000000000000000000000000000000000000111111111111111111100000000000000000000000000000
00000000000000000000000000000111111111111111111000000000000000000000000000000000000000000000000000000000011000000000000000000000000000000000000000000000001111111111111111110000000000000000000000000000
00000000000000000000000000001111111111111111110000000000000000000000000000000000000000000000000000000000111000000000000000000000000000000000000000000000000111111111111111111000000000000000000000000000
00000000000000000000000000011111111111111111000000000000000000000000000000000000000000000000000000000001110000000000000000000000000000000000000000000000000011111111111111111100000000000000000000000000
00000000000000000000000000111111111111111110000000000000000000000000000000000000000000000000000000000001110000000000000000000000000000000000000000000000000000111111111111111110000000000000000000000000
00000000000000000000000001111111111111111100000000000000000000000000000000000000000000000000000000000011100000000000000000000000000000000000000000000000000000011111111111111111000000000000000000000000
00000000000000000000000011111111111111111000000000000000000000000000000000000000000000000000000000000111000000000000000000000000000000000000000000000000000000001111111111111111000000000000000000000000
00000000000000000000000011111111111111110000000000000000000000000000000000000000000000000000000000011110000000000000000000000000000000000000000000000000000000000111111111111111100000000000000000000000
00000000000000000000000111111111111111100000000000000000000000000000000000000000000000000000000000111100000000000000000000000000000000000000000000000000000000000011111111111111110000000000000000000000
00000000000000000000001111111111111111000000000000000000000000000000000000000000000000000000000001111100000000000000000000000000000000000000000000000000000000000001111111111111111000000000000000000000
00000000000000000000011111111111111110000000000000000000000000000000000000000000000000000000000011111000000000000000000000000000000000000000000000000000000000000000111111111111111100000000000000000000
00000000000000000000111111111111111100000000000000000000000000000000000000000000000000000000000111110000000000000000000000000000000000000000000000000000000000000000011111111111111100000000000000000000
00000000000000000000111111111111111000000000000000000000000000000000000000000000000000000000001111100000000000001100000000000000000000000000000000000000000000000000001111111111111110000000000000000000
00000000000000000001111111111111110000000000000000000000000000000000000000000000000000000000111111000000000000110000000000000000000000000000000000000000000000000000000111111111111111000000000000000000
00000000000000000011111111111111100000000000000000000000000000000000000000000000000000000001111100000000000011100000000000000000000000000000000000000000000000000000000011111111111111100000000000000000
00000000000000000111111111111111000000000000000000000000000000000000000000000000000000000011111000000000001110000000000000000000000000000000000000000000000000000000000011111111111111100000000000000000
00000000000000000111111111111111000000000000000000000000000000000000000000000000000000000111110000000000011100000000000000000000000000000000000000000000000000000000000001111111111111110000000000000000
00000000000000001111111111111110000000000000000000000000000000000000000000000000000000001111100000000001111000000000000000000000000000000000000000000000000000000000000000111111111111111000000000000000
00000000000000001111111111111100000000000000000000000000000000000000000000000000000000011111000000000011110000000000000000000000000000000000000000000000000000000000000000011111111111111000000000000000
00000000000000011111111111111000000000000000000000000000000000000000000000000000000000111110000000000111100000000000000000000000000000000000000000000000000000000000000000011111111111111100000000000000
00000000000000111111111111111000000000000000000000000000000000000000000000000000000001111110000000001111000000000000000000000000000000000000000000000000000000000000000000001111111111111100000000000000
00000000000000111111111111110000000000000000000000000000000000000000000000000000000001111100000000011110000000000000000000000000000000000000000000000000000000000000000000000111111111111110000000000000
00000000000001111111111111100000000000000000000000000000000000000000000000000000000011111000000000011110000000000000000000000000000000000000000000000000000000000000000000000011111111111111000000000000
00000000000001111111111111000000000000000000000000000000000000000000000000000000000011111000000000111100000000000000000000000000000000000000000000000000000000000000000000000011111111111111000000000000
00000000000011111111111111000000000000000000000000000000000000000000000000000000000111110000000000111100000000000000000000000000000000000000000000000000000000000000000000000001111111111111100000000000
00000000000011111111111110000000000000000000000000000000000000000000000000000000000111110000000001111100000000000000000000000000000000000000000000000000000000000000000000000001111111111111100000000000
00000000000111111111111110000000000000000000000000000000000000000000000000000000000111100000000001111100000000000000000000000000000000000000000000000000000000000000000000000000111111111111110000000000
00000000000111111111111100000000000000000000000000000000000000000000000000000000000111100000000001111100000000000000000000000000000000000000000000000000000000000000000000000000011111111111110000000000
00000000001111111111111000000000000000000000000000000000000000000000000000000000000111100000000001111110000000000000000000000000000000000000000000000000000000000000000000000000011111111111111000000000
00000000001111111111111000000000000000000000000000000000000000000000000000000000000011100000000001111110000000000000000000000000000000000000000000000000000000000000000000000000001111111111111000000000
00000000011111111111110000000000000000000000000000000000000000000000000000000000000011100000000001111111000000000000000000000000000000000000000000000000000000000000000000000000001111111111111100000000
00000000011111111111110000000000000000000000000000000000000000000000000000000000000001100000000000111111000000000000000000000000000000000000000000000000000000000000000000000000000111111111111100000000
00000000111111111111100000000000000000000000000000000000000000000000000000000000000001110000000000111111100000000000000000000000000000000000000000000000000000000000000000000000000111111111111100000000
00000000111111111111100000000000000000000000000000000000000000000000000000000000000000110000000000011111100000000000000000000000000000000000000000000000000000000000000000000000000011111111111110000000
00000001111111111111000000000000000000000000000000000000000000000000000000000000000000011000000000011111110000000000000000000000000000000000000000000000000000000000000000000000000011111111111110000000
00000001111111111111000000000000000000000000000000000000000000000000000000000000000000011000000000001111110000000000000000000000000000000000000000000000000000000000000000000000000001111111111111000000
00000001111111111111000000000000000000000000000000000000000000000000000000000000000000001100000000000111111000000000000000000000000000000000000000000000000000000000000000000000000001111111111111000000
00000011111111111110000000000000000000000000000000000000000000000000000000000000000000000110000000000111111000000000000000000000000000000000000000000000000000000000000000000000000000111111111111000000
00000011111111111110000000000000000000000000000000000000000000000000000000000000000000000010000000000011111000000000000000000000000000000000000000000000000000000000000000000000000000111111111111100000
00000011111111111100000000000000000000000000000000000000000000000000000000000000000000000001000000000001111000000000000000000000000000000000000000000000000000000000000000000000000000111111111111100000
00000111111111111100000000000000000000000000000000000000000000000000000000000000000000000000100000000001111000000000000000000000000000000000000000000000000000000000000000000000000000011111111111100000
00000111111111111000000000000000000000000000000000000000000000000000000000000000000000000000000000000001111000000000000000000000000000000000000000000000000000000000000000000000000000011111111111110000
00000111111111111000000000000000000000000000000000000000000000000000000000000000000000000000000000000000110000000000000000000000000000000000000000000000000000000000000000000000000000011111111111110000
00001111111111111000000000000000000000000000000000000000000000000000000000000000000000000000000000000000110000000000000000000000000000000000000000000000000000000000000000000000000000001111111111110000
00001111111111110000000000000000000000000000000000000000000000000000000000000000000000000000000000000001100000000000000000000000000000000000000000000000000000000000000000000000000000001111111111110000
00001111111111110000000000000000000000000000000000000000000000000000000000000000000000000000000000000001000000000000000000000000000000000000000000000000000000000000000000000000000000001111111111111000
00001111111111110000000000000000000000000000000000000000000000000000000000000000000000000000000000000010000000000000000000000000111000000000000000000000000000000000000000000000000000000111111111111000
00011111111111110000000000000000000000000000000000000000000000000000000000011000000000000001000000000000000000000000000000000000011100000000000000000000000000000000000000000000000000000111111111111000
00011111111111100000000000000000000000000000000000000000000000000000000011000000000000000000000000000000000000000000000000000000001110000000000000000000000000000000000000000000000000000111111111111000
00011111111111100000000000000000000000000000000000000000000000000000001110000000000000000000000000000000000000000000000000000000000111000000000000000000000000000000000000000000000000000111111111111100
00011111111111100000000000000000000000000000000000000000000000000000111110000000000000000000000000000000000000000000000000000000000111000000000000000000000000000000000000000000000000000011111111111100
00011111111111100000000000000000000000000000000000000000000000000001111111000000000000000000000000000000000001111000000000000000000111000000000000000000000000000000000000000000000000000011111111111100
00111111111111000000000000000000000000000000000000000000000000000000111111111111100000000111111111111111111110000000000000000000000111000000000000000000000000000000000000000000000000000011111111111100
00111111111111000000000000000000000000000000000000000000000000000000000000111111111111111111111111111000000000000000000000000000000111000000000000000000000000000000000000000000000000000011111111111100
00111111111111000000000000000000000000000000000000000000000000000000000000000000000000000000000000000000000000000000000000000000000111000000000000000000000000000000000000000000000000000001111111111110
00111111111111000000000000000000000000000000000000000000000000000000000000000000000000000000000000000000000000000000000000000000001110000000000000000000000000000000000000000000000000000001111111111110
00111111111111000000000000000000000000000000000000000000000000000000000000000000000000000000000000000000000000000000000000000000001110000000000000000000000000000000000000000000000000000001111111111110
00111111111110000000000000000000000000000000000000000000000000000000000000000000000000000000000000000000000000000000000000000000011100000000000000000000000000000000000000000000000000000001111111111110
00111111111110000000000000000000000000000000000000000000000000000000000000000000000000000000000000000000000000000000000000000000111000000000000000000000000000000000000000000000000000000001111111111110
01111111111110000000000000000000000000000000000000000000000000000000000000000100000000000000000000000000000000000000000000000001110000000000000000000000000000000000000000000000000000000001111111111111
01111111111110000000000000000000000000000000000000000000000000000000000000001100000000000000000000000000000000000000000000000011100000000000000000000000000000000000000000000000000000000001111111111111
01111111111110000000000000000000000000000000000000000000000000000000000000011110000000000000000000000000000011000000000000000110000000000000000000000000000000000000000000000000000000000000111111111111
01111111111110000000000000000000000000000000000000000000000000000000000000011111111100100000000010000111111111110000000000001000000000000000000000000000000000000000000000000000000000000000111111111111
01111111111110000000000000000000000000000000000000000000000000000000000000000111111111111111111111111111111111100000000000000000000000000000000000000000000000000000000000000000000000000000111111111111
01111111111110000000000000000000000000000000000000000000000000000000000000000000011111111111111111111111110000000000000000000000000000000000000000000000000000000000000000000000000000000000111111111111
01111111111110000000000000000000000000000000000000000000000000000000000000000000000000000000000000000000000000000000000000000000000000000000000000000000000000000000000000000000000000000000111111111111
01111111111110000000000000000000000000000000000000000000000000000000000000000000000000000000000000000000000000000000000000000000000000000000000000000000000000000000000000000000000000000000111111111111
01111111111110000000000000000000000000000000000000000000000000000000000000000000000000000000000000000000000000000000000000000000000000000000000000000000000000000000000000000000000000000000111111111111
01111111111110000000000000000000000000000000000000000000000000000000000000000000000000000000000000000000000000000000000000000000000000000000000000000000000000000000000000000000000000000000111111111111
11111111111110000000000000000000000000000000000000000000000000000000000000000000000000000000000000000000000000000000000000000000000000000000000000000000000000000000000000000000000000000000111111111111
11111111111110000000000000000000000000000000000000000000000000000000000000000000000000000000000000000000000000000000000000000000000000000000000000000000000000000000000000000000000000000000111111111111
11111111111110000000000000000000000000000000000000000000000000000000000000000001100000000000000000000000000000000000000000000000000000000000000000000000000000000000000000000000000000000000111111111111
01111111111110000000000000000000000000000000000000000000000000000000000000000011111000000000000000000000000000000000000000000000000000000000000000000000000000000000000000000000000000000000111111111111
01111111111110000000000000000000000000000000000000000000000000000000000000000011111111111111000001111111111111000000000000000000000000000000000000000000000000000000000000000000000000000000111111111111
01111111111110000000000000000000000000000000000000000000000000000000000000000001111111111111111111111111111111100000000000000000000000000000000000000000000000000000000000000000000000000000111111111111
01111111111110000000000000000000000000000000000000000000000000000000000000000000001111111111111111111111111000000000000000000000000000000000000000000000000000000000000000000000000000000000111111111111
01111111111110000000000000000000000000000000000000000000000000000000000000000000000000011111111111111110000000000000000000000000000000000000000000000000000000000000000000000000000000000000111111111111
01111111111110000000000000000000000000000000000000000000000000000000000000000000000000000000000000000000000000000000000000000000000000000000000000000000000000000000000000000000000000000000111111111111
01111111111110000000000000000000000000000000000000000000000000000110000000000000000000000000000000000000000000000000000000000000000000000000000000000000000000000000000000000000000000000000111111111111
01111111111110000000000000000000000000000000000000000000000000011000000000000000000000000000000000000000000000000000000000000000010000000000000000000000000000000000000000000000000000000000111111111111
01111111111110000000000000000000000000000000000000000000000001110000000000000000000000000000000000000000000000000000000000000000000000000000000000000000000000000000000000000000000000000001111111111111
01111111111110000000000000000000000000000000000000000000000111100000000000000000000000000000000000000000000000000000000000000000000000000000000000000000000000000000000000000000000000000001111111111110
00111111111111000000000000000000000000000000000000000000001111110000000000000000000000000111011000000000000000000000000000000010000000000000000000000000000000000000000000000000000000000001111111111110
00111111111111000000000000000000000000000000000000000000001111111100000000000000000000000111001000000000000000000000000000110000000000000000000000000000000000000000000000000000000000000001111111111110
00111111111111000000000000000000000000000000000000000000000011111111110000000000000000000111001000000000000000000000111110000000000000000000000000000000000000000000000000000000000000000001111111111110
00111111111111000000000000000000000000000000000000000000000000000111111111111111110000001111111000000011111111111110000000000000000000000000000000000000000000000000000000000000000000000001111111111110
00111111111111000000000000000000000000000000000000000000000000000000000000111111111111111111111111111111110000000000000000000000000100000000000000000000000000000000000000000000000000000001111111111110
00111111111111000000000000000000000000000000000000000000000000000000000000000000000001000000000000000000000000000000000000000000011000000000000000000000000000000000000000000000000000000011111111111100
00111111111111100000000000000000000000000000000000000000000000000000000000000000000001000000000000000000000000000000000000000111100000000000000000000000000000000000000000000000000000000011111111111100
00011111111111100000000000000000000000000000000000000000000000000000000000000000000000000000000000000000000000000000000001111100000000000000000000000000000000000000000000000000000000000011111111111100
00011111111111100000000000000000000000000000000000000000000000000000000000000000000000000001100001000000000000000000111111000000000000000000000000000000000000000000000000000000000000000011111111111100
00011111111111100000000000000000000000000000000000000000000000000000000000000000000000000001111111000000111011111110000000000000000000000000000000000000000000000000000000000000000000000011111111111100
00011111111111100000000000000000000000000000000000000000000000000000000000000000000000000000000000000000000000000000000000000000000000000000000000000000000000000000000000000000000000000111111111111000
00001111111111110000000000000000000000000000000000000000000000000000000000000000000000000000000000000000000000000000000000000000000000000000000000000000000000000000000000000000000000000111111111111000
00001111111111110000000000000000000000000000000000000000000000000000000000000000000000000000000000000000000000000000000000000000000000000000000000000000000000000000000000000000000000000111111111111000
00001111111111110000000000000000000000000000000000000000000000000000000000000000000000000000000000000000000000000000000000000000000000000000000000000000000000000000000000000000000000001111111111111000
00001111111111111000000000000000000000000000000000000000000000000000000000000000000000000000000000000000000000000000000000000000000000000000000000000000000000000000000000000000000000001111111111110000
00000111111111111000000000000000000000000000000000000000000000000000000000000000000000000000000000000000000000000000000000000000000000000000000000000000000000000000000000000000000000001111111111110000
00000111111111111000000000000000000000000000000000000000000000000000000000000000000000000000000000000000000000000000000000000000000000000000000000000000000000000000000000000000000000011111111111110000
00000111111111111100000000000000000000000000000000000000000000000000000000000000000000000000000000000000000000000000000000000000000000000000000000000000000000000000000000000000000000011111111111100000
00000111111111111100000000000000000000000000000000000000000000000000000000000000000000000000000000000000000000000000000000000000000000000000000000000000000000000000000000000000000000011111111111100000
00000011111111111100000000000000000000000000000000000000000001111000000000000000000000000000000000000000000000000000000000000000000000000000000000000000000000000000000000000000000000111111111111100000
00000011111111111110000000000000000000000000000000000000000001111000000000000000000000000000000000000000000000000000000000000000000000000000000000000000000000000000000000000000000000111111111111000000
00000011111111111110000000000000000000000000000000000000000001111000000000000000000000000000000000000000000000000000000000000000000000000000000000000000000000000000000000000000000001111111111111000000
00000001111111111111000000000000000000000000000000000000000001111000000000000000000000000000000000000000000000000000000000000000000000000000000000000000000000000000000000000000000001111111111111000000
00000001111111111111000000000000000000000000000000000000000001111000000000000000000000000000000000000000000000000000000000000000000000000000000000000000000000000000000000000000000011111111111110000000
00000000111111111111100000000000000000000000000000000000000001111000000000000000000000000000000000000000000000000000000000000000000000000000000000000000000000000000000000000000000011111111111110000000
00000000111111111111100000000000000000000000000000000000000001111000000000000000000000000000000000000000000000000000000000000000000000000000000000000000000000000000000000000000000111111111111110000000
00000000111111111111100000000000000000000000000000000000000001111000000000000000000000000000000000000000000000000000000000000000000000000000000000000000000000000000000000000000000111111111111100000000
00000000011111111111110000000000000000000000000000000000000001111000000000011111111000000000000000000000000001100000000011111111000000000000000000000000000000000000000000000000001111111111111100000000
00000000011111111111110000000000000000000000000000000000000001111000000111111111111110000000111100000000000111100000011111111111111000000000000000000000000000000000000000000000001111111111111000000000
00000000001111111111111000000000000000000000000000000000000001111000000111110000111111000000111110000000000111100000111111000111111000000000000000000000000000000000000000000000011111111111111000000000
00000000001111111111111100000000000000000000000000000000000001111000000010000000001111000000011110000000000111100000000000000001111100000000000000000000000000000000000000000000011111111111110000000000
00000000000111111111111100000000000000000000000000000000000001111000000010000000000111100000011110000000000111000000000000000000111100000000000000000000000000000000000000000000111111111111110000000000
00000000000111111111111110000000000000000000000000000000000001111000000010000000000111100000011110000000001111000000000000000000011100000000000000000000000000000000000000000000111111111111100000000000
00000000000011111111111110000000000000000000000000000000000001111000000010000000000111100000001111000000001111000000000000000000011100000000000000000000000000000000000000000001111111111111100000000000
00000000000011111111111111000000000000000000000000000000000001111000000000000000000111100000001111000000001111000000000000000000011100000000000000000000000000000000000000000001111111111111000000000000
00000000000001111111111111100000000000000000000000000000000001111000000000000000000111100000001111000000001110000000000000000000011100000000000000000000000000000000000000000011111111111111000000000000
00000000000001111111111111100000000000000000000000000000000001111000000000000000001111100000000111100000011110000000000000000000111100000000000000000000000000000000000000000111111111111110000000000000
00000000000000111111111111110000000000000000000000000000000001111000000000000111111111100000000111100000011110000000000000111111111100000000000000000000000000000000000000000111111111111110000000000000
00000000000000011111111111111000000000000000000000000000000001111000000000111111111111110000000111100000011100000000000111111111111100000000000000000000000000000000000000001111111111111100000000000000
00000000000000011111111111111000000000000000000000000000000001111000000011111000000111110000000111110000011100000000011111000000111100000000000000000000000000000000000000011111111111111000000000000000
00000000000000001111111111111100000000000000000000000000000001111000000111100000000111110000000011110000111100000000111110000000011100000000000000000000000000000000000000111111111111111000000000000000
00000000000000001111111111111110000000000000000000000000000001111000001111000000000111110000000011110000111000000000111100000000011100000000000000000000000000000000000000111111111111110000000000000000
00000000000000000111111111111111000000000000000000000000000001111000001111000000000111110000000011111000111000000001111000000000011100000000000000000000000000000000000001111111111111110000000000000000
00000000000000000011111111111111100000000000000000000000000001111000001110000000000111110000000001111001111000000001111000000000011100000000000000000000000000000000000011111111111111100000000000000000
00000000000000000011111111111111110000000000000000000000000001111000001110000000000111110000000001111001110000000001111000000000011100000000000000000000000000000000000111111111111111000000000000000000
00000000000000000001111111111111111000000000000000000000000001110000001111000000000111110000000001111001110000000001111000000000111100000000000000000000000000000000001111111111111111000000000000000000
00000000000000000000111111111111111000000000000000000000000001110000001111000000001111110000000000111111110000000001111100000000111100000000000000000000000000000000011111111111111110000000000000000000
00000000000000000000011111111111111110000000000000000000000011110000001111100000011111100000000000111111100000000001111110000011111100000000000000000000000000000000011111111111111100000000000000000000
00000000000000000000001111111111111110000000000000000000000011110000000111111111110011100000000000111111100000000000111111111111011110000000000000000000000000000000111111111111111000000000000000000000
00000000000000000000001111111111111111000000000000000000000011110000000011111111000001100000000000111111000000000000011111111100001110000000000000000000000000000011111111111111111000000000000000000000
00000000000000000000000111111111111111100000000000000000000011110000000000011000000000000000000000000000000000000000000011000000000000000000000000000000000000000011111111111111110000000000000000000000
00000000000000000000000011111111111111110000000000000000000011110000000000000000000000000000000000000000000000000000000000000000000000000000000000000000000000001111111111111111100000000000000000000000
00000000000000000000000001111111111111111000000000000000000111110000000000000000000000000000000000000000000000000000000000000000000000000000000000000000000000011111111111111111000000000000000000000000
00000000000000000000000001111111111111111110000000000000000111100000000000000000000000000000000000000000000000000000000000000000000000000000000000000000000000111111111111111110000000000000000000000000
00000000000000000000000000111111111111111111000000000000001111100000000000000000000000000000000000000000000000000000000000000000000000000000000000000000000001111111111111111100000000000000000000000000
00000000000000000000000000011111111111111111100000000000011111000000000000000000000000000000000000000000000000000000000000000000000000000000000000000000000011111111111111111000000000000000000000000000
00000000000000000000000000001111111111111111110000000000111110000000000000000000000000000000000000000000000000000000000000000000000000000000000000000000000111111111111111110000000000000000000000000000
00000000000000000000000000000111111111111111111000000000111100000000000000000000000000000000000000000000000000000000000000000000000000000000000000000000011111111111111111100000000000000000000000000000
00000000000000000000000000000011111111111111111100000000010000000000000000000000000000000000000000000000000000000000000000000000000000000000000000000000111111111111111111000000000000000000000000000000
00000000000000000000000000000001111111111111111111000000000000000000000000000000000000000000000000000000000000000000000000000000000000000000000000000001111111111111111110000000000000000000000000000000
00000000000000000000000000000000111111111111111111100000000000000000000000000000000000000000000000000000000000000000000000000000000000000000000000000111111111111111111100000000000000000000000000000000
00000000000000000000000000000000001111111111111111111000000000000000000000000000000000000000000000000000000000000000000000000000000000000000000000001111111111111111111000000000000000000000000000000000
00000000000000000000000000000000000111111111111111111110000000000000000000000000000000000000000000000000000000000000000000000000000000000000000000111111111111111111110000000000000000000000000000000000
00000000000000000000000000000000000011111111111111111111000000000000000000000000000000000000000000000000000000000000000000000000000000000000000011111111111111111111100000000000000000000000000000000000
00000000000000000000000000000000000001111111111111111111110000000000000000000000000000000000000000000000000000000000000000000000000000000000000111111111111111111111000000000000000000000000000000000000
00000000000000000000000000000000000000111111111111111111111100000000000000000000000000000000000000000000000000000000000000000000000000000000011111111111111111111110000000000000000000000000000000000000
00000000000000000000000000000000000000001111111111111111111111000000000000000000000000000000000000000000000000000000000000000000000000000001111111111111111111111000000000000000000000000000000000000000
00000000000000000000000000000000000000000111111111111111111111111000000000000000000000000000000000000000000000000000000000000000000000001111111111111111111111110000000000000000000000000000000000000000
00000000000000000000000000000000000000000011111111111111111111111110000000000000000000000000000000000000000000000000000000000000000000111111111111111111111111000000000000000000000000000000000000000000
00000000000000000000000000000000000000000000111111111111111111111111100000000000000000000000000000000000000000000000000000000000000011111111111111111111111110000000000000000000000000000000000000000000
00000000000000000000000000000000000000000000011111111111111111111111111100000000000000000000000000000000000000000000000000000000011111111111111111111111111100000000000000000000000000000000000000000000
00000000000000000000000000000000000000000000000111111111111111111111111111000000000000000000000000000000000000000000000000000011111111111111111111111111110000000000000000000000000000000000000000000000
00000000000000000000000000000000000000000000000011111111111111111111111111111100000000000000000000000000000000000000000000011111111111111111111111111111000000000000000000000000000000000000000000000000
00000000000000000000000000000000000000000000000000111111111111111111111111111111110000000000000000000000000000000000000111111111111111111111111111111110000000000000000000000000000000000000000000000000
00000000000000000000000000000000000000000000000000001111111111111111111111111111111111111001000000000000000100001111111111111111111111111111111111111000000000000000000000000000000000000000000000000000
00000000000000000000000000000000000000000000000000000011111111111111111111111111111111111111111111111111111111111111111111111111111111111111111111100000000000000000000000000000000000000000000000000000
00000000000000000000000000000000000000000000000000000000111111111111111111111111111111111111111111111111111111111111111111111111111111111111111110000000000000000000000000000000000000000000000000000000
00000000000000000000000000000000000000000000000000000000001111111111111111111111111111111111111111111111111111111111111111111111111111111111111000000000000000000000000000000000000000000000000000000000
00000000000000000000000000000000000000000000000000000000000011111111111111111111111111111111111111111111111111111111111111111111111111111111100000000000000000000000000000000000000000000000000000000000
00000000000000000000000000000000000000000000000000000000000000111111111111111111111111111111111111111111111111111111111111111111111111111110000000000000000000000000000000000000000000000000000000000000
00000000000000000000000000000000000000000000000000000000000000000111111111111111111111111111111111111111111111111111111111111111111111110000000000000000000000000000000000000000000000000000000000000000
00000000000000000000000000000000000000000000000000000000000000000001111111111111111111111111111111111111111111111111111111111111111110000000000000000000000000000000000000000000000000000000000000000000
00000000000000000000000000000000000000000000000000000000000000000000000111111111111111111111111111111111111111111111111111111111110000000000000000000000000000000000000000000000000000000000000000000000
00000000000000000000000000000000000000000000000000000000000000000000000000111111111111111111111111111111111111111111111111111110000000000000000000000000000000000000000000000000000000000000000000000000
00000000000000000000000000000000000000000000000000000000000000000000000000000011111111111111111111111111111111111111111111000000000000000000000000000000000000000000000000000000000000000000000000000000
00000000000000000000000000000000000000000000000000000000000000000000000000000000000111111111111111111111111111111111000000000000000000000000000000000000000000000000000000000000000000000000000000000000
00000000000000000000000000000000000000000000000000000000000000000000000000000000000000000011111111111111111100000000000000000000000000000000000000000000000000000000000000000000000000000000000000000000
00000000000000000000000000000000000000000000000000000000000000000000000000000000000000000000000000000000000000000000000000000000000000000000000000000000000000000000000000000000000000000000000000000000
00000000000000000000000000000000000000000000000000000000000000000000000000000000000000000000000000000000000000000000000000000000000000000000000000000000000000000000000000000000000000000000000000000000
